0 0.153892 0.717905 0.166274 0.432432
0 0.367335 0.777027 0.237028 0.324324
0 0.349646 0.626689 0.232311 0.415541
0 0.524764 0.608108 0.136792 0.358108
0 0.612618 0.726351 0.211085 0.415541
0 0.836675 0.665541 0.232311 0.486486
0 0.394458 0.327703 0.159198 0.354730
0 0.297759 0.426520 0.173349 0.228041
0 0.208726 0.309966 0.165094 0.265203
0 0.308962 0.206926 0.132075 0.261824
0 0.449882 0.228041 0.107311 0.239865
0 0.574292 0.279561 0.117925 0.285473
0 0.672759 0.407939 0.185142 0.346284
0 0.798939 0.513514 0.168632 0.412162
0 0.830189 0.693412 0.228774 0.528716
0 0.785377 0.287162 0.169811 0.222973
