0 0.665455 0.401639 0.160000 0.420765
0 0.392727 0.655738 0.109091 0.437158
0 0.294545 0.754098 0.130909 0.415301
0 0.612727 0.866120 0.083636 0.169399
0 0.316364 0.226776 0.152727 0.158470
0 0.227273 0.344262 0.090909 0.196721
0 0.190909 0.393443 0.083636 0.196721
0 0.147273 0.418033 0.069091 0.245902
0 0.723636 0.838798 0.101818 0.202186
0 0.760000 0.795082 0.116364 0.191257
0 0.794545 0.729508 0.127273 0.136612
0 0.812727 0.653005 0.134545 0.103825
0 0.100000 0.439891 0.090909 0.213115
0 0.056364 0.445355 0.090909 0.191257
