0 0.353282 0.605670 0.081081 0.139175
0 0.586873 0.845361 0.100386 0.195876
0 0.884170 0.615979 0.138996 0.190722
0 0.534749 0.695876 0.073359 0.154639
0 0.496139 0.350515 0.073359 0.154639
0 0.291506 0.417526 0.073359 0.154639
0 0.330116 0.443299 0.073359 0.154639
0 0.249035 0.556701 0.073359 0.154639
0 0.407336 0.623711 0.073359 0.154639
0 0.729730 0.783505 0.123552 0.226804
0 0.820463 0.407216 0.111969 0.185567
0 0.683398 0.546392 0.092664 0.154639
0 0.366795 0.445876 0.061776 0.139175
0 0.720077 0.260309 0.065637 0.149485
0 0.546332 0.494845 0.073359 0.154639
0 0.472973 0.489691 0.073359 0.154639
0 0.418919 0.474227 0.073359 0.154639
0 0.445946 0.329897 0.073359 0.154639
0 0.403475 0.309278 0.073359 0.154639
0 0.364865 0.304124 0.073359 0.154639
0 0.326255 0.298969 0.073359 0.154639
0 0.272201 0.293814 0.073359 0.154639
0 0.167954 0.595361 0.166023 0.293814
