0 0.697778 0.897778 0.222222 0.142222
0 0.486667 0.866667 0.128889 0.151111
0 0.671111 0.133333 0.222222 0.142222
0 0.671111 0.311111 0.222222 0.142222
0 0.680000 0.493333 0.222222 0.142222
0 0.662222 0.688889 0.222222 0.142222
0 0.402222 0.853333 0.128889 0.151111
0 0.500000 0.137778 0.128889 0.151111
0 0.477778 0.311111 0.128889 0.151111
0 0.491111 0.488889 0.128889 0.151111
0 0.500000 0.675556 0.128889 0.151111
0 0.411111 0.144444 0.120000 0.155556
0 0.406667 0.320000 0.128889 0.151111
0 0.402222 0.484444 0.128889 0.151111
0 0.411111 0.662222 0.128889 0.151111
