0 0.641667 0.612500 0.172222 0.146429
0 0.402778 0.244643 0.172222 0.146429
0 0.363889 0.430357 0.172222 0.146429
0 0.880556 0.433929 0.172222 0.146429
0 0.502778 0.783929 0.172222 0.146429
0 0.852778 0.776786 0.172222 0.146429
0 0.136111 0.780357 0.172222 0.146429
0 0.186111 0.630357 0.172222 0.146429
0 0.247222 0.237500 0.172222 0.146429
0 0.091667 0.233929 0.172222 0.146429
0 0.891667 0.083929 0.172222 0.146429
0 0.875000 0.241071 0.172222 0.146429
0 0.230556 0.076786 0.172222 0.146429
0 0.552778 0.251786 0.172222 0.146429
0 0.102778 0.926786 0.172222 0.146429
0 0.647222 0.925000 0.172222 0.142857
0 0.319444 0.787500 0.172222 0.146429
0 0.891667 0.605357 0.172222 0.146429
0 0.608333 0.426786 0.172222 0.146429
0 0.102778 0.426786 0.172222 0.146429
