0 0.916071 0.550000 0.167857 0.177778
0 0.455357 0.366667 0.167857 0.177778
0 0.441071 0.227778 0.167857 0.177778
0 0.416071 0.911111 0.167857 0.177778
0 0.428571 0.508333 0.150000 0.127778
0 0.433929 0.783333 0.167857 0.177778
0 0.258929 0.861111 0.167857 0.177778
0 0.269643 0.733333 0.167857 0.177778
0 0.266071 0.583333 0.167857 0.177778
0 0.248214 0.416667 0.167857 0.177778
0 0.241071 0.283333 0.167857 0.177778
0 0.258929 0.122222 0.167857 0.177778
0 0.916071 0.733333 0.167857 0.177778
0 0.923214 0.155556 0.153571 0.155556
0 0.641071 0.800000 0.167857 0.177778
