0 0.132096 0.844000 0.185590 0.224000
0 0.487991 0.838000 0.185590 0.224000
0 0.311135 0.846000 0.185590 0.224000
0 0.129913 0.150000 0.185590 0.224000
0 0.319869 0.150000 0.185590 0.224000
0 0.498908 0.152000 0.185590 0.224000
0 0.682314 0.152000 0.185590 0.224000
0 0.863537 0.158000 0.185590 0.224000
0 0.856987 0.380000 0.185590 0.224000
0 0.677948 0.376000 0.185590 0.224000
0 0.494541 0.380000 0.185590 0.224000
0 0.311135 0.372000 0.185590 0.224000
0 0.127729 0.380000 0.185590 0.224000
0 0.490175 0.618000 0.185590 0.224000
0 0.311135 0.614000 0.185590 0.224000
0 0.127729 0.618000 0.185590 0.224000
0 0.684498 0.610000 0.185590 0.224000
0 0.677948 0.836000 0.185590 0.224000
0 0.870087 0.838000 0.185590 0.224000
0 0.876638 0.606000 0.185590 0.224000
