0 0.158000 0.863537 0.248000 0.207424
0 0.854000 0.105895 0.248000 0.207424
0 0.616000 0.129913 0.248000 0.207424
0 0.636000 0.317686 0.248000 0.207424
0 0.620000 0.507642 0.248000 0.207424
0 0.612000 0.677948 0.248000 0.207424
0 0.840000 0.520742 0.248000 0.207424
0 0.838000 0.671397 0.248000 0.207424
0 0.858000 0.852620 0.248000 0.207424
0 0.612000 0.859170 0.248000 0.207424
0 0.388000 0.850437 0.248000 0.207424
0 0.388000 0.688865 0.248000 0.207424
0 0.392000 0.492358 0.248000 0.207424
0 0.384000 0.311135 0.248000 0.207424
0 0.386000 0.136463 0.248000 0.207424
0 0.160000 0.143013 0.248000 0.207424
0 0.170000 0.324236 0.248000 0.207424
0 0.166000 0.507642 0.248000 0.207424
0 0.148000 0.680131 0.248000 0.207424
0 0.838000 0.319869 0.248000 0.207424
