0 0.716492 0.930500 0.061776 0.049000
0 0.327634 0.801500 0.061776 0.049000
0 0.346387 0.873500 0.061776 0.049000
0 0.430226 0.290000 0.061776 0.049000
0 0.456702 0.459000 0.061776 0.049000
0 0.445670 0.375500 0.061776 0.049000
0 0.604523 0.108000 0.061776 0.049000
0 0.620518 0.268500 0.061776 0.049000
0 0.637066 0.414500 0.061776 0.049000
0 0.678434 0.663500 0.061776 0.049000
0 0.689465 0.731000 0.061776 0.049000
0 0.703254 0.796500 0.061776 0.049000
0 0.704357 0.863000 0.061776 0.049000
0 0.491451 0.657000 0.061776 0.049000
0 0.507998 0.749000 0.061776 0.049000
