0 0.36484375 0.065625 0.12421875 0.05703125
0 0.5078125 0.11640625 0.1015625 0.1109375
0 0.4328125 0.02890625 0.03125 0.0578125
0 0.35390625 0.32109375 0.121875 0.05546875
0 0.52890625 0.38203125 0.13359375 0.11875
0 0.2578125 0.57109375 0.10703125 0.05390625
0 0.5234375 0.69609375 0.134375 0.13203125
0 0.3375 0.64453125 0.13828125 0.08046875
0 0.22693452343749998 0.3201058203125 0.22619047656250002 0.31878306875 0.2224702375 0.3756613765625 0.3102678578125 0.353174603125 0.30580357187499996 0.297619046875 0.22693452343749998 0.3201058203125
0 0.2388392859375 0.3928571421875 0.23363095312499998 0.3928571421875 0.24255952343749998 0.44312169375000005 0.33705357187499996 0.3796296296875 0.31845238125 0.353174603125 0.2388392859375 0.3928571421875
0 0.40625 0.4616402125 0.43824404687499996 0.470899471875 0.4427083328125 0.4232804234375 0.440476190625 0.4232804234375 0.4166666671875 0.4074074078125 0.40625 0.4616402125
0 0.21130952343749998 0.61904761875 0.22693452343749998 0.6587301578125 0.3162202375 0.6071428578125 0.30133928593750003 0.58068783125 0.21130952343749998 0.61904761875
0 0.1636904765625 0.85582010625 0.1614583328125 0.8571428578125 0.165178571875 0.9100529109375 0.296130953125 0.871693121875 0.297619046875 0.8320105828125 0.1636904765625 0.85582010625
0 0.1793154765625 0.9140211640624999 0.1793154765625 0.9153439156250001 0.18824404687500002 0.9484126984374999 0.2983630953125 0.903439153125 0.28720238125 0.8664021171874999 0.1793154765625 0.9140211640624999
0 0.377976190625 0.9100529109375 0.3645833328125 0.9444444437499999 0.42410714218749995 0.9867724875 0.43526785781250005 0.94973545 0.377976190625 0.9100529109375