0 0.3875 0.059375 0.13125 0.0734375
0 0.528125 0.1171875 0.1078125 0.1171875
0 0.45703125 0.02734375 0.0359375 0.0546875
0 0.36328125 0.3140625 0.125 0.0625
0 0.53515625 0.38359375 0.1421875 0.128125
0 0.2546875 0.55859375 0.1140625 0.0734375
0 0.51328125 0.696875 0.1546875 0.153125
0 0.33046875 0.6359375 0.1453125 0.0921875
0 0.22920079218749997 0.3343544375 0.2259785015625 0.357282225 0.23109591875 0.35800143125 0.31607682812500004 0.34865510781250003 0.32148048125 0.3102061234375 0.3225908046875 0.29138302656250004 0.3173671234375 0.2906488875 0.23689829218749997 0.3016937671875 0.2363132234375 0.3002098265625 0.22920079218749997 0.3343544375
0 0.23938201874999998 0.38691163125 0.2502035046875 0.4337108140625 0.25345908281249996 0.4338814328125 0.3416232921875 0.36734867968749996 0.34144923125000004 0.3640274375 0.3228700765625 0.3402196921875 0.2442630421875 0.3849041640625 0.2392904703125 0.385164765625 0.23938201874999998 0.38691163125
0 0.44515552343750003 0.44185285468749996 0.4463146453125 0.4197355015625 0.445318259375 0.4197181078125 0.421097478125 0.40294600625 0.40940132656249995 0.45860205 0.4303159765625 0.4650551296875 0.4425009109375 0.4656937140625 0.44515552343750003 0.44185285468749996
0 0.21319229062499997 0.6352295125 0.311048440625 0.608743778125 0.3124059171875 0.6036776015624999 0.30631360625 0.5796598125 0.29918809999999996 0.5777505406250001 0.20743726875 0.590944490625 0.2042882015625 0.602696971875 0.207770425 0.6337767265625 0.21319229062499997 0.6352295125
0 0.277822259375 0.867524496875 0.278364534375 0.864486578125 0.2819669375 0.8388541421875001 0.28255820468750004 0.8275720921874999 0.1474086421875 0.8327760968750001 0.14542986093750002 0.8336146812499999 0.1445628203125 0.8397839984375001 0.14133815156250001 0.8855777734375 0.149593471875 0.8867379828124999 0.277822259375 0.867524496875
0 0.2769293953125 0.89995618125 0.28013143125 0.8738776984375001 0.2808871109375 0.8594584781249999 0.2692215546875 0.8580261281249999 0.158033396875 0.8912844468750001 0.15785382812499998 0.892746909375 0.162810471875 0.9270538828125 0.1720254875 0.9281853437500001 0.2769293953125 0.89995618125
0 0.4018409796875 0.9807193062499999 0.4105325625 0.9532223625 0.411051971875 0.9433114484375 0.35583978437499997 0.9030527953125 0.3551707140625 0.903041115625 0.3410937765625 0.937887128125 0.341088775 0.9381737078124999 0.39784559062499997 0.980649565625 0.4018409796875 0.9807193062499999