0 0.70859375 0.0953125 0.1375 0.0890625
0 0.55859375 0.12109375 0.1203125 0.128125
0 0.64765625 0.04765625 0.040625 0.0625
0 0.675 0.34921875 0.1328125 0.08125
0 0.4921875 0.37890625 0.15625 0.1453125
0 0.72578125 0.61171875 0.121875 0.084375
0 0.44296875 0.6890625 0.15625 0.1546875
0 0.63515625 0.6703125 0.1609375 0.1203125
0 0.74178973125 0.3342261828125 0.7294385390625 0.3309166890625 0.716058971875 0.36868209531249996 0.71115624375 0.38697932968750004 0.7786797171875001 0.425383634375 0.7913911390624999 0.4276250015625 0.805996934375 0.37311543281250004 0.74178973125 0.3342261828125
0 0.7807937765624999 0.478653828125 0.7824668859374999 0.462473678125 0.7798451421875 0.4249809875 0.7042100640625 0.3930467625 0.68928740625 0.39409025625 0.6758893593749999 0.41670146093750005 0.6760503890625 0.41900429375000003 0.778205815625 0.478834796875 0.7807937765624999 0.478653828125
0 0.5983161765625 0.47257249687499997 0.6015325359375 0.42428567812500007 0.572909596875 0.43353967656250003 0.57115641875 0.43306991406249995 0.5696756125 0.43859635468749997 0.562872265625 0.4793161578125 0.570731184375 0.4814219484375 0.5960273234375 0.48111461093749996 0.5983161765625 0.47257249687499997
0 0.7605137703125 0.679319953125 0.6955335015624999 0.6085703312499999 0.691258884375 0.606667146875 0.6716846203125 0.6214495046875 0.668376796875 0.6288789968749999 0.7236643625 0.706233371875 0.734714225 0.7111530875 0.7371817734375 0.7115881828124999 0.753270371875 0.6955888921875 0.7605137703125 0.679319953125
0 0.7619123984375 0.9481123234375 0.7670099546875 0.9479343124999999 0.768850615625 0.895755353125 0.766547175 0.8944962859375 0.6336797078124999 0.8756226437500001 0.6324770609375 0.882443190625 0.6336256015624999 0.9153330703125 0.7619123984375 0.9481123234375
0 0.739606778125 0.9887898328125001 0.74562446875 0.9692559265625 0.7461906234375 0.953043384375 0.644605028125 0.9039411515625 0.6389790703125 0.9037446890625 0.6273774249999999 0.9378565859375 0.627312475 0.9397165109375001 0.7362553234375 0.988672796875 0.739606778125 0.9887898328125001
0 0.5575073828125 0.94733355 0.5501936203125 0.9223273296875 0.54578788125 0.9219418781250001 0.485626115625 0.9562188375 0.4851337921875 0.96184610625 0.4917552578125 0.9935667031250001 0.4981164515625 0.994688353125 0.5563512359375 0.9605483484375 0.5575073828125 0.94733355