0 0.5546875 0.06875 0.059375 0.1375
0 0.48125 0.18515625 0.134375 0.1375
0 0.5140625 0.43359375 0.146875 0.175
0 0.59296875 0.31875 0.08125 0.1546875
0 0.63046875 0.11640625 0.134375 0.0984375
0 0.6640625 0.36796875 0.1328125 0.0765625
0 0.7546875 0.3671875 0.0875 0.0640625
0 0.7578125 0.4359375 0.11875 0.0984375
0 0.80234375 0.59140625 0.1390625 0.103125
0 0.73828125 0.67890625 0.1515625 0.0953125
0 0.55625 0.75 0.1734375 0.1578125
0 0.65 0.621875 0.084375 0.140625
0 0.80703125 0.64765625 0.103125 0.0828125
0 0.8671875 0.8875 0.1265625 0.0671875
0 0.8734375 0.925 0.1265625 0.0796875