0 0.34765625 0.9125 0.0609375 0.15
0 0.44765625 0.8109375 0.1203125 0.1265625
0 0.471875 0.56171875 0.1515625 0.1796875
0 0.36875 0.65625 0.0828125 0.1546875
0 0.2859375 0.84453125 0.1390625 0.10625
0 0.31015625 0.59140625 0.1375 0.0828125
0 0.221875 0.571875 0.0875 0.0671875
0 0.234375 0.50390625 0.11875 0.096875
0 0.22578125 0.34296875 0.1359375 0.1
0 0.3078125 0.27265625 0.15 0.090625
0 0.50078125 0.24375 0.1796875 0.165625
0 0.38125 0.34765625 0.075 0.1359375
0 0.234375 0.2875 0.10625 0.0859375
0 0.2296875 0.03984375 0.125 0.065625
0 0.23125 0.01796875 0.121875 0.0359375