0 0.39140625 0.0734375 0.0390625 0.14453125
0 0.48046875 0.18515625 0.1078125 0.1140625
0 0.478125 0.4359375 0.1265625 0.16015625
0 0.3859375 0.33125 0.05 0.14453125
0 0.3234375 0.13515625 0.1234375 0.0796875
0 0.32109375 0.3890625 0.1265625 0.0609375
0 0.23125 0.39921875 0.08046875 0.05546875
0 0.2359375 0.46796875 0.11015625 0.084375
0 0.2109375 0.62734375 0.121875 0.07421875
0 0.28515625 0.70625 0.1390625 0.06875
0 0.47421875 0.7546875 0.15546875 0.1359375
0 0.365625 0.6390625 0.05546875 0.1296875
0 0.21328125 0.68359375 0.09140625 0.0671875
0 0.1828125 0.9296875 0.11796875 0.0421875
0 0.18203125 0.9703125 0.1140625 0.059375