0 0.1098152453125 0.8556977578125 0.1047087453125 0.8735062328125001 0.110883878125 0.922291325 0.11929213593750002 0.9159299890625 0.243920603125 0.864185921875 0.26010165625 0.8077558843749999 0.2610376125 0.8024478140625 0.24831949999999997 0.79880095625 0.1098152453125 0.8556977578125
0 0.244159425 0.8551955343750001 0.3006291734375 0.951782778125 0.3015737203125 0.9519835499999999 0.3452190140625 0.8707412578125 0.345764715625 0.8681739421874999 0.2734024609375 0.7821253687499999 0.26246544374999997 0.780196878125 0.255272290625 0.8029136125 0.244159425 0.8551955343750001
0 0.2658356171875 0.75438460625 0.28535179374999997 0.7871442765625 0.3933436890625 0.6105553015625 0.3949308921875 0.5992617484375 0.390432209375 0.591742528125 0.366471296875 0.5875175734375 0.2686094390625 0.7346478390625 0.2658356171875 0.75438460625
0 0.25942824531249997 0.5992675296875001 0.2537959875 0.6125363 0.2583022015625 0.614449075 0.302073659375 0.7004904640625 0.3026923078125 0.7007530640625 0.34787996875 0.6574825671875 0.3502994015625 0.6517827390625001 0.292923615625 0.5457231140625 0.28874392968749996 0.5439489421875 0.25942824531249997 0.5992675296875001
0 0.3924114203125 0.338178871875 0.287334834375 0.502258003125 0.283855321875 0.5186278234375 0.30311547031249997 0.542598784375 0.304519415625 0.5428972015625 0.4222603234375 0.3830027234375 0.4245026796875 0.370285690625 0.4104921265625 0.34202204531249997 0.3924114203125 0.338178871875
0 0.2778874140625 0.22041722031250002 0.2621918765625 0.3075052265625 0.2622462734375 0.30828314375 0.3661968953125 0.387812975 0.3711461359375 0.3874668921875 0.3886577953125 0.3241037390625 0.387991659375 0.31457756406250004 0.2785971 0.22036759374999998 0.2778874140625 0.22041722031250002
0 0.4193113609375 0 0.323562921875 0.171516640625 0.322383090625 0.1850021734375 0.3404735 0.2177634578125 0.45990205 0.023463875000000002 0.4610788 0.01001355625 0.45525748593750004 0 0.4193113609375 0
0 0.0957374890625 0.27544852343750004 0.07686690625 0.3458745 0.08849486250000001 0.3489902015625 0.256695346875 0.3106467828125 0.27243920781250003 0.25188989687499996 0.2758750828125 0.23240408281249997 0.26547770000000004 0.2296181140625 0.0957374890625 0.27544852343750004
0 0.12817675 0.4332780203125 0.054231946875000006 0.516145965625 0.0522855046875 0.5203201281250001 0.0623357328125 0.538454796875 0.0660301859375 0.54017755 0.131803759375 0.4742647421875 0.1352271546875 0.46692324375 0.13175628281250001 0.434947184375 0.12817675 0.4332780203125
0 0.042579268749999996 0.291171675 0.0498560890625 0.29740631562500003 0.058123548437500006 0.2984214328125 0.1169714640625 0.189592771875 0.117951646875 0.1816098078125 0.11594715625 0.157798615625 0.109921240625 0.156736084375 0.0444753765625 0.2757291171875 0.042579268749999996 0.291171675
0 0 0.60613525 0.015398129687500001 0.6020328625 0.016563615625 0.5686577171875 0.015009509374999999 0.5683836875 0 0.56785954375 0 0.60613525
0 0 0.6845644046875 0.055943328125000004 0.6698882390625001 0.060671284375 0.6581861359375 0.068466078125 0.6208905234375 0.055425139062499997 0.615621640625 0 0.6345726953125 0 0.6845644046875
0 0.2544593796875 0.558247225 0.1057700421875 0.622740334375 0.10047752812499999 0.6527556796875 0.1012575796875 0.7002069484375 0.1095936515625 0.7016768234375 0.251834078125 0.62969168125 0.25545985625 0.609128875 0.258820234375 0.5590161609375001 0.2544593796875 0.558247225