0 0.7439831921875 0.87178285625 0.8551648578125001 0.93467670625 0.8626071546875 0.9418784796875 0.878132878125 0.8807558234374999 0.739235709375 0.8028698828125 0.7336113078125 0.8037607015624999 0.7367757140625 0.8262766156250001 0.7439831921875 0.87178285625
0 0.7432926015625 0.8642393203125 0.7293731578125 0.789399128125 0.7274709625 0.789565546875 0.6415480796875 0.8699991609375 0.6417689 0.872523153125 0.673976475 0.955771540625 0.7432926015625 0.8642393203125
0 0.6221777953125 0.6036473234375 0.6806227093749999 0.8017662124999999 0.684758065625 0.8022739703124999 0.7075634671875 0.7800721625 0.710436965625 0.756669390625 0.653156321875 0.586630125 0.6369353109375 0.5846384375 0.6228323328125 0.5983165421875001 0.6221777953125 0.6036473234375
0 0.7429815468750001 0.625115353125 0.7141719515625 0.553526440625 0.71162680625 0.5538841375 0.710838825 0.5541250484375 0.6427412109375 0.65352561875 0.647587621875 0.669377515625 0.6807493265625 0.7085592984375 0.6874321 0.70651616875 0.73777358125 0.6288952171875 0.7435932000000001 0.62711598125 0.7429815468750001 0.625115353125
0 0.5987351984375 0.3813383015625 0.661110165625 0.5580215421875 0.6688869015625001 0.5587019171875001 0.6923076109374999 0.542834565625 0.692563821875 0.5399060546875 0.6353494015625001 0.3364145421875 0.6332794703125 0.336233446875 0.5995702078125 0.3717941234375 0.5987351984375 0.3813383015625
0 0.617837209375 0.3280619484375 0.6347177625 0.3929424984375 0.635473175 0.3930085890625 0.7446233999999999 0.313103328125 0.7468121531249999 0.2880857796875 0.736965525 0.228078475 0.7223482 0.2267996234375 0.6192559171875 0.3118460703125 0.617837209375 0.3280619484375
0 0.5720059578125001 0 0.5608092546875 0.01594536875 0.5608092546875 0.0271992515625 0.6598316390625001 0.2258361640625 0.6834988265625 0.190500546875 0.5982963578125 0 0.5720059578125001 0
0 0.935321159375 0.3451508125 0.906945921875 0.27123079375 0.7487804609375 0.24513210000000002 0.725768296875 0.25396564062500004 0.726774721875 0.2611267296875 0.750190175 0.32212606875 0.935321159375 0.3451508125
0 0.8779117203125001 0.47302050625 0.907036934375 0.5624864406250001 0.909483340625 0.5625718703125 0.9278512328125 0.5502444093750001 0.9280933875 0.543310040625 0.900497446875 0.4390348640625 0.8937646125 0.438799746875 0.8782845187499999 0.46234498281249997 0.8779117203125001 0.47302050625
0 0.8821153515625 0.2030518453125 0.884700840625 0.21056065156249998 0.96634646875 0.30636536875 0.975940446875 0.2938439765625 0.974259953125 0.28188664375 0.9738145015624999 0.28059295781250004 0.88533895625 0.17826410312500002 0.8792616750000001 0.1803566796875 0.8821153515625 0.2030518453125
0 1 0.58490858125 0.9780014828124999 0.5891846609375 0.9810070234375001 0.610570184375 0.9830905390625 0.621288946875 1 0.623173796875 1 0.58490858125
0 1 0.664480165625 0.9507764203125 0.6168521671875 0.9490706578125 0.6167627718750001 0.9476149296875 0.6169673609374999 0.9397890515625 0.6505118953125 0.9386113921874999 0.67298295 1 0.724263775 1 0.664480165625
0 0.7440095062500001 0.6419801781250001 0.8787013937499999 0.7158013671875 0.8890547249999999 0.7143463015625 0.89219653125 0.6541434328125 0.8896027046875 0.6356873890625 0.743906303125 0.5667039625 0.7336330375 0.568147775 0.7440095062500001 0.6419801781250001