0 0.8416316546875 0.2143120421875 0.812417971875 0.15639364375 0.8105227484374999 0.156796484375 0.6918375984375 0.3061986765625 0.6968881015624999 0.3299594171875 0.706230490625 0.3573335265625 0.7153699828125 0.3557219875 0.8429183968749999 0.22036568750000002 0.8416316546875 0.2143120421875
0 0.6755052453125 0 0.6211206218750001 0.0711474015625 0.63301421875 0.1385993359375 0.6356652640625 0.13813188437499999 0.735759803125 0.014949318750000001 0.733123834375 0 0.6755052453125 0
0 0.6789324703124999 0.30355742812500003 0.68358086875 0.302600475 0.6836128390625 0.300768946875 0.6353412781250001 0.2527992609375 0.62807816875 0.2526724828125 0.5983703874999999 0.2900427390625 0.5982810234375 0.295162375 0.6522819609375 0.377187934375 0.6543546296875 0.3772241140625 0.6789324703124999 0.30355742812500003
0 0.6183575171875 0.1736606921875 0.5895591609374999 0.16537631875 0.5700182421875 0.3537499375 0.5706592984375 0.35652665781250004 0.5917089515625 0.3711803484375 0.59176510625 0.371170446875 0.6179257781249999 0.1751179109375 0.6183575171875 0.1736606921875
0 0.6144518921875 0.0681078953125 0.6122899609375 0.06103653437499999 0.6122798265625 0.061081898437500004 0.514527040625 0.033937528125 0.50903754375 0.035615834375 0.51044731875 0.0788616671875 0.5149614703125 0.09362678906250001 0.6214770015625 0.1338875796875 0.6239943078125 0.1331179609375 0.6144518921875 0.0681078953125
0 0.614192259375 0.6170524109375 0.703706865625 0.41327240625000006 0.703706865625 0.405416190625 0.6739161578124999 0.3763116703125 0.6595442484375 0.3763116703125 0.5927693656249999 0.5787473171874999 0.5927693656249999 0.6032115078125 0.594562828125 0.6133827375 0.5976998265625 0.6170524109375 0.614192259375 0.6170524109375
0 0.7892897703124999 0.6992220171875 0.789301471875 0.6295859625 0.788218734375 0.624492084375 0.67225055 0.5423500328124999 0.6722027796875001 0.542360184375 0.6646568937499999 0.6118302156250001 0.6685336687500001 0.6300690062500001 0.7795355796875 0.7012953343749999 0.7892897703124999 0.6992220171875
0 0.7454622375 0.9517388578125001 0.788805846875 0.76220489375 0.785677909375 0.7424558828125 0.7573678078125 0.7165282953125 0.6898683015625 0.9289349703124999 0.692023125 0.9411555765624999 0.7038803 0.9590708749999999 0.7454622375 0.9517388578125001
0 0.9648479562500001 0.5364771234375 0.9641355484374999 0.514538321875 0.9333794703124999 0.5118475124999999 0.7912874578125 0.5601900375 0.7834462890625 0.6498150046875 0.7841313640625 0.6537002640625 0.959908953125 0.5929301890625001 0.9648479562500001 0.5364771234375
0 0.8867950890625 0.42675807656250003 0.91249674375 0.3324673109375 0.9112946093750001 0.31872685 0.8917323093749999 0.3092138125 0.8854279265624999 0.3097653734375 0.8604058546875001 0.40636564843749995 0.860671996875 0.4094076734375 0.88205095625 0.427173134375 0.8867950890625 0.42675807656250003
0 0.88043316875 0.254425646875 0.8870847390625001 0.2530118125 0.9489356140625 0.19119768125 0.9336140875 0.11911556718750001 0.9218769484375 0.12161037187499998 0.8478626390624999 0.18162973437500002 0.8497859421875 0.190678159375 0.88043316875 0.254425646875
0 0.9229227312500001 0.25307880781250003 0.9270402078125001 0.274261390625 0.957464421875 0.27336910468750003 0.9674419515625001 0.27160979687500003 0.9662887250000001 0.265069528125 0.9550466406250001 0.22054500625 0.9450866328125 0.22248103593750002 0.9192777578125 0.232407134375 0.9229227312500001 0.25307880781250003
0 0.96467936875 0.6712956265625001 0.9662796140625 0.6777138640625 0.9883523046875 0.701002734375 0.991106815625 0.7003159578125 0.9995706890625 0.518442853125 0.9969060000000001 0.5077553625 0.9963607765625 0.5076744484375 0.9898252843750001 0.5088268312500001 0.9741693375 0.5127302984375001 0.96467936875 0.6712956265625001