0 0.269160925 0.4106252625 0.2682587359375 0.36563386875 0.2669105359375 0.3560409328125 0.102757171875 0.255421909375 0.09942135468749999 0.255890728125 0.093078940625 0.30922959687499996 0.095618315625 0.3272981875 0.2631691875 0.41146734687500003 0.269160925 0.4106252625
0 0.2908913125 0.17155960625 0.2902884015625 0.16466830625 0.27364364375 0.1066211421875 0.1521154078125 0.0461790234375 0.15152498125 0.046348325 0.1438836 0.10380937500000001 0.1438844265625 0.103812253125 0.2908913125 0.17155960625
0 0.27246653125 0.352629096875 0.2776835734375 0.35304858281249996 0.3100643125 0.42094064062500003 0.313198721875 0.42066641562499996 0.3561452859375 0.3342902875 0.35564823125 0.3307535625 0.3188449375 0.29466803124999996 0.31688532343750003 0.2949434359375 0.2723033640625 0.35146809375 0.27246653125 0.352629096875
0 0.4003529375 0.3944220640625 0.4051445046875 0.38735077812499996 0.403756246875 0.377472815625 0.3150229828125 0.20257884375000001 0.298577628125 0.20489008593750002 0.29137990468749997 0.2103293828125 0.2944668875 0.232294403125 0.384029540625 0.39671616875 0.4003529375 0.3944220640625
0 0.3269765546875 0.1822344953125 0.3807722859375 0.11127159843750001 0.36634441562500003 0.057426054687500006 0.3581610484375 0.043289525 0.2808605140625 0.1280639453125 0.2784889765625 0.12564883437500002 0.305712740625 0.187932115625 0.3269765546875 0.1822344953125
0 0.41995721875 0.64394116875 0.43248803750000003 0.62013735 0.4305618125 0.6117939531250001 0.31426791249999997 0.42126825625000003 0.29222993750000004 0.42635612343749996 0.2787157703125 0.4472393140625 0.2845970890625 0.472714109375 0.414131465625 0.6452861484375 0.41995721875 0.64394116875
0 0.2746354265625 0.7651071921875 0.3711627375 0.670431503125 0.3711627359375 0.64948086875 0.35055610625 0.5873294125 0.346803475 0.5873294140625 0.2529335703125 0.6882373187499999 0.25293356875 0.6998207796875 0.26693983125 0.7651071921875 0.2746354265625 0.7651071921875
0 0.391860621875 0.99822866875 0.4224915328125 0.993377209375 0.42252180156249997 0.9933679874999999 0.4321727046875 0.959150765625 0.4307965125 0.950461828125 0.3056195671875 0.7775209828125 0.3010083359375 0.7782513296875 0.2825786890625 0.810378578125 0.2840351578125 0.819574359375 0.391860621875 0.99822866875
0 0.2546585640625 0.74502946875 0.25479575468750004 0.7450077390625001 0.2524195 0.7178470203125 0.242620959375 0.6559814703125 0.0798976640625 0.6133393671875 0.06895150156249999 0.6150730671875 0.0706972984375 0.662542278125 0.07620695625 0.6973288875 0.2546585640625 0.74502946875
0 0.1186585125 0.5259431609375 0.1316440515625 0.5025478265625 0.1278243078125 0.48922679843749994 0.0763447578125 0.41670816874999994 0.06452834375 0.42009646875 0.051380993750000006 0.43426800625000006 0.052634440625 0.438639290625 0.11668777187499998 0.5265082624999999 0.1186585125 0.5259431609375
0 0 0.320477103125 0.05516216875 0.3655012453125 0.059773875 0.36598595624999997 0.0833372546875 0.2996545453125 0.08373709375 0.29585033437499997 0 0.2409476234375 0 0.320477103125
0 0 0.3983816046875 0.027272909374999998 0.394439171875 0.027926651562499998 0.3569862890625 0.027643415625 0.3537488765625 0 0.34840804687500004 0 0.3983816046875
0 0.1131470859375 0.7728150078125 0.0153339484375 0.6448345343749999 0.01515744375 0.644898778125 0.0110927671875 0.6486213750000001 0.014235684374999998 0.6845450937499999 0.1071252578125 0.8094805375 0.11046014374999999 0.8082667375 0.11533856718749999 0.7788360562500001 0.1131470859375 0.7728150078125