0 0.131696428125 0.21825396874999997 0.11383928593749999 0.28571428593750003 0.2730654765625 0.3955026453125 0.2797619046875 0.3399470890625 0.131696428125 0.21825396874999997
0 0.2068452375 0.0079365078125 0.1837797625 0.0608465609375 0.30803571406249997 0.1679894171875 0.30654761875 0.09920634843750001 0.2068452375 0.0079365078125
0 0.2864583328125 0.33068783125 0.29241071406249997 0.3320105828125 0.315476190625 0.4047619046875 0.372023809375 0.3227513234375 0.33928571406249997 0.28042328125 0.2864583328125 0.33068783125
0 0.41071428593750003 0.3677248671875 0.3489583328125 0.18650793593749998 0.3229166671875 0.20105820156249998 0.32366071406249997 0.20238095312499998 0.3928571421875 0.3875661375 0.41071428593750003 0.3677248671875
0 0.313244046875 0.0952380953125 0.311755953125 0.0925925921875 0.3229166671875 0.1666666671875 0.4144345234375 0.0952380953125 0.39955357187499996 0.0396825390625 0.313244046875 0.0952380953125
0 0.33705357187499996 0.40211640156249995 0.297619046875 0.440476190625 0.3869047625 0.6428571421875 0.40848214218749995 0.6177248671875 0.33705357187499996 0.40211640156249995
0 0.356398809375 0.6481481484375 0.331101190625 0.5714285718750001 0.2380952375 0.671957671875 0.25446428593750003 0.7486772484374999 0.356398809375 0.6481481484375
0 0.3869047625 0.9484126984374999 0.29017857187499996 0.7566137562499999 0.262648809375 0.791005290625 0.3422619046875 0.9880952375 0.37053571406249997 0.984126984375 0.3869047625 0.9484126984374999
0 0.231398809375 0.728835978125 0.231398809375 0.6428571421875 0.06994047656249999 0.5714285718750001 0.060267857812500006 0.6521164015625 0.231398809375 0.728835978125
0 0.093005953125 0.3796296296875 0.0669642859375 0.3955026453125 0.10342261875 0.49603174687499996 0.12574404687500002 0.4735449734375 0.093005953125 0.3796296296875
0 0.08407738125 0.3240740734375 0.10193452343750001 0.2513227515625 0.0052083328125 0.20238095312499998 0.00595238125 0.2738095234375 0.08407738125 0.3240740734375
0 0.04092261875 0.3505291015625 0.04092261875 0.3108465609375 0.002976190625 0.30423280468749997 0 0.3571428578125 0.04092261875 0.3505291015625
0 0.028273809374999997 0.5952380953125 0.00595238125 0.6044973546875 0.0587797625 0.78174603125 0.0766369046875 0.75 0.028273809374999997 0.5952380953125