0 0.20907738125000003 0.018518518749999997 0.203125 0.0105820109375 0.1793154765625 0.066137565625 0.30803571406249997 0.1679894171875 0.3102678578125 0.09920634843750001 0.20907738125000003 0.018518518749999997
0 0.4114583328125 0.1097883609375 0.38616071406249997 0.022486771875 0.309523809375 0.10714285781249999 0.31696428593750003 0.183862434375 0.4114583328125 0.1097883609375
0 0.3385416671875 0.17989417968750002 0.3110119046875 0.2142857140625 0.39508928593750003 0.3902116390625 0.41741071406249997 0.3624338625 0.3385416671875 0.17989417968750002
0 0.2834821421875 0.3333333328125 0.2775297625 0.3333333328125 0.284226190625 0.4113756609375 0.38169642812500004 0.3333333328125 0.3556547625 0.27248677187500003 0.2834821421875 0.3333333328125
0 0.32142857187499996 0.4232804234375 0.293898809375 0.4457671953125 0.3675595234375 0.6415343921875001 0.4010416671875 0.5992063484375 0.32142857187499996 0.4232804234375
0 0.2522321421875 0.7486772484374999 0.3556547625 0.646825396875 0.3306218359375 0.5763623484375 0.2306547625 0.6640211640625 0.2522321421875 0.7486772484374999
0 0.28571428593750003 0.753968253125 0.262648809375 0.7883597875 0.3556547625 0.9960317468750001 0.3854166671875 0.953703703125 0.28571428593750003 0.753968253125
0 0.22767857187499999 0.7328042328125 0.22842261874999997 0.653439153125 0.0736607140625 0.5714285718750001 0.0639880953125 0.6375661375 0.22767857187499999 0.7328042328125
0 0.094494046875 0.3822751328125 0.0744047625 0.396825396875 0.10714285781249999 0.50529100625 0.1272321421875 0.47222222187499996 0.094494046875 0.3822751328125
0 0.0275297625 0.6230158734375 0.00967261875 0.6349206359374999 0.0639880953125 0.771164021875 0.071428571875 0.7354497359375001 0.0275297625 0.6230158734375
0 0 0.346560846875 0.0394345234375 0.346560846875 0.0386904765625 0.31349206406249996 0 0.3015873015625 0 0.346560846875
0 0 0.24470899375 0.0818452375 0.316137565625 0.0915178578125 0.2619047625 0 0.19312169375 0 0.24470899375
0 0.27157738125 0.4007936515625 0.2790178578125 0.3320105828125 0.14783265625 0.23388054687499998 0.1331845234375 0.309523809375 0.27157738125 0.4007936515625