0 0.4702380953125 0.6124338625 0.41964285781250005 0.43518518593750005 0.38616071406249997 0.474867725 0.3883928578125 0.477513228125 0.4375 0.6415343921875001 0.4702380953125 0.6124338625
0 0.48363095312500004 0.3664021171875 0.43154761875 0.18650793593749998 0.40401785781250005 0.228835978125 0.44345238125 0.3452380953125 0.456101190625 0.3888888890625 0.48363095312500004 0.3664021171875
0 0.3668154765625 0.40873015781250005 0.375 0.3412698421875 0.2477678578125 0.2328042328125 0.2366071421875 0.2883597875 0.3668154765625 0.40873015781250005
0 0.30133928593750003 0.015873015625 0.28794642812500004 0.071428571875 0.39955357187499996 0.178571428125 0.4047619046875 0.1137566140625 0.30133928593750003 0.015873015625
0 0.5022321421875 0.1150793640625 0.4895833328125 0.06349206406249999 0.40178571406249997 0.1296296296875 0.4114583328125 0.1825396828125 0.5022321421875 0.1150793640625
0 0.33258928593750003 0.6574074078125001 0.3318452375 0.747354496875 0.45907738125 0.6666666671875 0.44122023749999995 0.5978835984375 0.33258928593750003 0.6574074078125001
0 0.3891369046875 0.7671957671875 0.34821428593750003 0.802910053125 0.418898809375 1 0.45089285781250005 0.970899471875 0.3891369046875 0.7671957671875
0 0.16741071406250002 0.63095238125 0.32366071406249997 0.734126984375 0.328869046875 0.6547619046875 0.3266369046875 0.653439153125 0.17633928593749998 0.5701058203125 0.16741071406250002 0.63095238125
0 0.1770833328125 0.3677248671875 0.1488095234375 0.38492063593750003 0.18675595312499998 0.5079365078125 0.2053571421875 0.47883597812499995 0.1770833328125 0.3677248671875
0 0.03720238125 0.20105820156249998 0.16741071406250002 0.30820105781249996 0.1793154765625 0.24735449687500002 0.178571428125 0.246031746875 0.053571428125 0.14417989375 0.03720238125 0.20105820156249998
0 0.118303571875 0.3399470890625 0.1264880953125 0.29365079375 0.016369046875 0.222222221875 0.006696428124999999 0.29100529062499997 0.118303571875 0.3399470890625
0 0.0974702375 0.541005290625 0.1145833328125 0.46957671875000007 0.006696428124999999 0.396825396875 0 0.4854497359375 0.0974702375 0.541005290625
0 0 0.5634920640625001 0.06101190468749999 0.5793650796875001 0.06101190468749999 0.51984126875 0 0.4920634921875 0 0.5634920640625001
0 0.38392857187499996 0.7671957671875 0.35342261875 0.7870370375 0.421875 1 0.4613095234375 0.9933862437500001 0.38392857187499996 0.7671957671875
0 0.1108630953125 0.578042328125 0.0803571421875 0.5912698421875 0.131696428125 0.8015873015625001 0.162946428125 0.7724867718749999 0.1108630953125 0.578042328125
0 0.0550595234375 1 0.030505953125000002 0.903439153125 0 0.924603175 0.006696428124999999 1 0.0550595234375 1