0 0.3784500546875 0.498742565625 0.399647896875 0.5462886265625 0.497359590625 0.3890847109375 0.47527419687499994 0.35406598749999996 0.47301555781250004 0.35341833125 0.3813282140625 0.4968033515625 0.3784500546875 0.498742565625
0 0.44103246250000006 0.602940065625 0.42039290156250003 0.6416764109375 0.3570288578125 0.748863390625 0.37506824375000003 0.7962268906250001 0.3753767859375 0.796292475 0.4622367578125 0.633183278125 0.4632212296875 0.627600059375 0.44408473125 0.60358884375 0.44103246250000006 0.602940065625
0 0.208477803125 0.6889715328125 0.216922165625 0.73107096875 0.2210620453125 0.73107096875 0.34701946875 0.6235253234375 0.34701946875 0.6081733500000001 0.3406995546875 0.55600105 0.3370924484375 0.5553650203125 0.2084778015625 0.6744467375000001 0.208477803125 0.6889715328125
0 0.34765281875 0.8019054406249999 0.21675480625 0.8803370156250001 0.20968428593750002 0.9109628078125 0.20991875625 0.9373565859375 0.21963811562500002 0.9396004765624999 0.3390634890625 0.8691912453124999 0.3409645375 0.8609569109375 0.3496391859375 0.80236403125 0.34765281875 0.8019054406249999
0 0.35116947187499997 0.7976553609375 0.343209959375 0.8202415593750001 0.33875415468750003 0.8483744046874999 0.4159760546875 0.9279155812500001 0.41693989374999996 0.9280682390624999 0.4327046640625 0.890648896875 0.4357420796875 0.873422853125 0.36307888125 0.7995416265624999 0.35116947187499997 0.7976553609375
0 0.443389690625 0.39817931562500003 0.445945484375 0.39910955000000004 0.48197246250000003 0.3466735546875 0.48501145 0.3383240046875 0.3966327953125 0.2231571078125 0.3919876296875 0.2223380390625 0.3619001421875 0.30500273125 0.443389690625 0.39817931562500003
0 0.47445393124999996 0 0.419899246875 0.1824791640625 0.42087518125 0.20110112343750003 0.4483309765625 0.22274173125000002 0.46560982656250005 0.221836184375 0.5143090921875 0.023435459375000002 0.5131297499999999 0.0009322578124999999 0.5119956906249999 0 0.47445393124999996 0
0 0.3741741375 0.24882586875 0.1949921421875 0.3048043171875 0.18469283125 0.3407222828125 0.1815648171875 0.3640895546875 0.1934865921875 0.3675080671875 0.3556483875 0.330293021875 0.36953161562500003 0.281876446875 0.3765495375 0.24950700312500002 0.3741741375 0.24882586875
0 0.198293165625 0.44037844687499994 0.1314935015625 0.546770215625 0.1308127953125 0.5493106453125 0.153546790625 0.5731328812500001 0.2093553234375 0.4735192578125 0.2099565640625 0.4712753921875 0.210245465625 0.4696369515625 0.201239359375 0.4411678765625 0.198293165625 0.44037844687499994
0 0 0.760751165625 0.006834509375000001 0.784571509375 0.0148887265625 0.784571509375 0.13692723125 0.6848306187500001 0.13692723125 0.67242031875 0.12683529843750002 0.620682621875 0.124649571875 0.6206826203125 0 0.72356303125 0 0.760751165625
0 0 0.6727626828125 0.0928825625 0.6558990140625001 0.109901875 0.6158040265625 0.1112211640625 0.608321965625 0.100032928125 0.6035728421875 0 0.6052096312499999 0 0.6727626828125
0 0.1160223890625 0.4482031828125 0.100405884375 0.38273757656249996 0.0839753734375 0.38273757656249996 0.0049905515625 0.42795284218749996 0.00143905625 0.448094375 0.00143905625 0.52625609375 0.008972265625 0.52625609375 0.1160223890625 0.453754878125 0.1160223890625 0.4482031828125
0 0.082172878125 0.3473796421875 0.020475192187499998 0.3489111984375 0.0139249046875 0.377283609375 0.0063760703125 0.42009517812499997 0.069473703125 0.4075675890625 0.0803754953125 0.36034673906250003 0.0826428140625 0.347488134375 0.082172878125 0.3473796421875
0 0.4862461859375 0 0.42102214687500006 0.20286722343750002 0.42102214531250004 0.20447539374999998 0.449431471875 0.2229482703125 0.4523949296875 0.2229482703125 0.5286862609375 0 0.4862461859375 0
0 0.193733678125 0.13995395625 0.1000435703125 0.334312584375 0.09754613749999999 0.3460620765625 0.10261519687500001 0.3496661453125 0.1300056734375 0.355488171875 0.215523078125 0.1877599140625 0.2200588578125 0.1620362265625 0.2064489390625 0.1426566671875 0.193733678125 0.13995395625