0 0.50436400625 0.3928777125 0.6018796875 0.5485796656249999 0.607365584375 0.547006609375 0.6251129921875 0.50787075 0.62209431875 0.4973433765625 0.5299707796875001 0.3543966453125 0.5208694359375 0.3570064125 0.5023706734375 0.3859261359375 0.50436400625 0.3928777125
0 0.5267783421875001 0.6152568734375 0.521251746875 0.624190040625 0.5223999265625 0.6314393578125 0.5285963984375 0.6494352218749999 0.630378834375 0.794046334375 0.6399174921874999 0.7907619109375 0.6490083046875 0.7543723734375 0.6441514890625 0.7402671562500001 0.5665007328125 0.6398226046875 0.54482600625 0.6090425640625 0.5267783421875001 0.6152568734375
0 0.6527305828125 0.6216666281250001 0.76521573125 0.7401712765624999 0.7761667703125 0.7413222765625 0.7811294671875 0.72542943125 0.785420009375 0.6846076390625 0.670473825 0.553318525 0.6671485500000001 0.552969025 0.6538525765625 0.6109915703125 0.6527305828125 0.6216666281250001
0 0.6340635296875 0.8270569921875 0.6531924015625 0.8768894046875 0.787762546875 0.932667884375 0.78882349375 0.932260625 0.783309709375 0.8903066328125 0.7747159390625 0.8679190921875 0.644805046875 0.812987165625 0.6325784421875 0.8176805187499999 0.6340635296875 0.8270569921875
0 0.628058346875 0.7961129015624999 0.6272026484375 0.79624843125 0.6238848906250001 0.7973264375 0.5605293484375 0.8870375609375 0.5626390015625 0.8935304078125 0.5874942421875 0.9337682218750001 0.5897665171875001 0.9330299140625 0.6520924671875 0.8435476171875 0.6497934578125 0.8364719953125 0.628058346875 0.7961129015624999
0 0.519086290625 0.34127328281249997 0.52463029375 0.35433413593749996 0.56106853125 0.40164128593750004 0.5675616125 0.39888513593749997 0.6417975984375001 0.3051180390625 0.6065571890625 0.222096834375 0.6010456296875 0.2229697796875 0.519086290625 0.34127328281249997
0 0.48791286562499997 0 0.4688683109375 0.027512990625 0.4700443640625 0.0326070359375 0.5755819484375 0.216483515625 0.607580965625 0.17222577187500002 0.607234221875 0.1707238578125 0.4975606484375 0 0.48791286562499997 0
0 0.647679390625 0.3311469359375 0.8138483484375 0.3702634765625 0.82506831875 0.3670462015625 0.8064001953125001 0.3019427171875 0.6412784453125 0.24925358125 0.628080321875 0.2530380828125 0.6396480828125 0.306172603125 0.6467375 0.3308963390625 0.647679390625 0.3311469359375
0 0.7879812484375 0.48855493125000005 0.8542667921874999 0.5762968265625 0.8743155781249999 0.547984975 0.8732218734374999 0.5454083703125 0.7935955203125 0.4501732953125 0.7829194078125 0.45470503593749995 0.7803506812500001 0.47057843750000006 0.7879812484375 0.48855493125000005
0 1 0.7078153234375 0.8482924890625 0.6513895453125 0.8462537093750001 0.652091553125 0.8536312984375 0.7051802484375 0.856533984375 0.71361025625 1 0.766186125 1 0.7078153234375
0 1 0.6256972125 0.9089014609375001 0.596598 0.8975477906249999 0.5983962453125 0.9030962656250001 0.651186475 1 0.7005926578125 1 0.6256972125
0 0.885269190625 0.453311825 0.9891751515625 0.5380065703125 0.9929324484375 0.5374114734375001 0.9997734312500001 0.45921865312500004 0.9962140171874999 0.43674538749999997 0.9275040671875001 0.3888852640625 0.9053053625 0.3869431296875 0.8859898718749999 0.44507438906249996 0.885269190625 0.453311825
0 0.928252071875 0.39719067343750003 0.9308952234375001 0.41218072812499995 0.9949513640625 0.4287733125 0.9886896109375 0.3892381625 0.9831592828125 0.3578741078125 0.926690778125 0.35331998124999997 0.92143546875 0.354152340625 0.928252071875 0.39719067343750003
0 0.47063735781249993 0 0.4625930578125 0.0012740921875 0.46409518125 0.011962253124999999 0.5691857015624999 0.219351203125 0.5705291328125 0.219162396875 0.598645078125 0.194669734375 0.598094709375 0.19075365625000001 0.5058552359374999 0 0.47063735781249993 0
0 0.799439965625 0.1777103890625 0.8569484375 0.365012875 0.8737890625 0.3644247859375 0.8885786343750001 0.357422665625 0.8882640687500001 0.348414684375 0.829840496875 0.1417488484375 0.82507056875 0.1419154171875 0.7990913328125 0.1677268515625 0.799439965625 0.1777103890625