0 0.346726190625 0.037037037499999995 0.3415178578125 0.0952380953125 0.44866071406249997 0.10714285781249999 0.4389880953125 0.0449735453125 0.346726190625 0.037037037499999995
0 0.3571428578125 0.121693121875 0.33407738125 0.1335978828125 0.3675595234375 0.30555555624999997 0.387648809375 0.29497354531250003 0.3571428578125 0.121693121875
0 0.418898809375 0.3399470890625 0.4136904765625 0.30026454999999996 0.30580357187499996 0.284391534375 0.299851190625 0.3425925921875 0.418898809375 0.3399470890625
0 0.3400297625 0.3796296296875 0.3043154765625 0.3981481484375 0.328125 0.5714285718750001 0.3616071421875 0.5555555562500001 0.3400297625 0.3796296296875
0 0.252976190625 0.5886243390625 0.2514880953125 0.6706349203124999 0.38095238125 0.6574074078125001 0.375 0.5886243390625 0.252976190625 0.5886243390625
0 0.28571428593750003 0.6851851859375 0.250744046875 0.702380953125 0.2827380953125 0.9113756609375001 0.327380953125 0.8888888890625 0.28571428593750003 0.6851851859375
0 0.237351190625 0.65608465625 0.252976190625 0.5740740734374999 0.1369047625 0.45370370312499997 0.11309523749999999 0.55026455 0.237351190625 0.65608465625
0 0.075148809375 0.3664021171875 0.125 0.3174603171875 0.0766369046875 0.1402116390625 0.043898809375 0.153439153125 0.075148809375 0.3664021171875
0 0 0.0912698421875 0.0483630953125 0.1335978828125 0.059523809375 0.078042328125 0 0.0330687828125 0 0.0912698421875
0 0.010416667187500001 0 0.0014880953125 0.0013227515625 0.094494046875 0.10714285781249999 0.1108630953125 0.06878306875 0.061755953125 0 0.010416667187500001 0
0 0 0.5066137562499999 0.018601190625 0.5992063484375 0.0505952375 0.5740740734374999 0.0133928578125 0.3822751328125 0 0.3835978828125 0 0.5066137562499999
0 0.1979166671875 0.1335978828125 0.180803571875 0.174603175 0.293898809375 0.3359788359375 0.30133928593750003 0.275132275 0.1979166671875 0.1335978828125
0 0.2708333328125 0 0.328869046875 0.0740740734375 0.34375 0.037037037499999995 0.3296130953125 0 0.2708333328125 0