0 0.2744147890625 0.8851432906250001 0.2747987640625 0.8924699921875 0.2821617125 0.944508196875 0.2839800625 0.9444129015625 0.3752610578125 0.9316243890625 0.38085283593749997 0.8759974749999999 0.3805514921875 0.870247496875 0.3740871515625 0.869223646875 0.368718321875 0.8695050156249999 0.2744147890625 0.8851432906250001
0 0.327402875 0.6700457796875 0.28763340312499996 0.842265034375 0.2876089828125 0.8429643671875 0.3067043125 0.85369454375 0.31151820625000004 0.8538626484374999 0.34670180625 0.6879193203125 0.3471283890625 0.6757036109375 0.3378932390625 0.6704121109375001 0.327402875 0.6700457796875
0 0.2933143171875 0.62071595 0.28255828125 0.6190123609375 0.27716160156249997 0.6378328203125 0.27052718124999997 0.6748659765625 0.2756184890625 0.6763258859375 0.38394975625 0.6908491671875 0.388494896875 0.6803871703125 0.3935295859375 0.662829121875 0.3954545234375 0.6506755421875 0.36769820000000003 0.642045184375 0.2933143171875 0.62071595
0 0.2848546328125 0.5474850640625 0.2800854234375 0.5621631781249999 0.3092324796875 0.5919937421875 0.38043155624999997 0.43872926406249996 0.3857279609375 0.4224286046875 0.38678851875000003 0.4157325078125 0.3535780703125 0.404941778125 0.2848546328125 0.5474850640625
0 0.26608289375 0.3648288109375 0.389273459375 0.4001531375 0.4094928359375 0.32963979375 0.3356309078125 0.3000062453125 0.2982120109375 0.2892765484375 0.2871951421875 0.2875316484375 0.280548871875 0.310709946875 0.26608289375 0.3648288109375
0 0.321137846875 0.060595853125 0.30318878437499996 0.238988234375 0.3052029671875 0.2774211125 0.3266195390625 0.2865445453125 0.34003718125 0.2858413546875 0.37183437656249996 0.07596798437499999 0.371257375 0.06495817968749999 0.356987215625 0.058717068750000004 0.321137846875 0.060595853125
0 0.2470037234375 0.29208743125000003 0.2400496484375 0.29257370781250003 0.1250585484375 0.40508323593749995 0.1562156484375 0.5017088937499999 0.15764982031250002 0.5016086046875 0.26341920625 0.375569115625 0.2613876 0.3465157890625 0.2470037234375 0.29208743125000003
0 0.0266781015625 0.5670808953125 0.018754704687500002 0.761602765625 0.0214850875 0.7875806203125 0.042239399999999996 0.793546753125 0.0542516765625 0.7922842125 0.0842708515625 0.6076470203125 0.08396749375 0.6047607546875 0.035480190625000005 0.566155759375 0.0266781015625 0.5670808953125
0 0 0.9243723203125 0.002793803125 0.92412789375 0.044349896875 0.8544490296875 0.0435444953125 0.8452432468750001 0.027292620312499998 0.8150963015625001 0.025372445312500002 0.8152642953125 0 0.8494120875 0 0.9243723203125
0 0.056619962499999996 0.353525721875 0.0566860640625 0.34973882500000003 0.027952715625000003 0.32638688125000004 0.0249982578125 0.3263353109375 0.0116158859375 0.3873093328125 0.0047862765625 0.43042978437499996 0.0028484578125 0.5414474328125001 0.015004773437499999 0.54286054375 0.0163837265625 0.5428846140625 0.056619962499999996 0.353525721875
0 0.1381560359375 0.79135239375 0.1483256453125 0.8197872 0.15242672968749998 0.8200021281250001 0.26488187500000004 0.6820808703125001 0.2658125390625 0.664322725 0.26299424843749997 0.62382360625 0.2562521390625 0.6227557609375001 0.1391535875 0.7723179874999999 0.1381560359375 0.79135239375
0 0.2718423875 0.901603175 0.18952389375 0.9460367875 0.22794610468749998 0.9631434593750001 0.250448034375 0.9667074140624999 0.2677114625 0.949196859375 0.2725214734375 0.9383934 0.27403555 0.9025796343750001 0.2718423875 0.901603175