0 0.310836884375 0.12014074999999999 0.37348395 0.1151317546875 0.4154241609375 0.1069794015625 0.4140952390625 0.0917897515625 0.41057984375 0.0737046109375 0.40026106562499997 0.044921396875000005 0.325196528125 0.052830406249999996 0.298991065625 0.0579242328125 0.29927829375 0.0606769484375 0.310836884375 0.12014074999999999
0 0.2866344140625 0.1658091296875 0.370873584375 0.31149565625000003 0.38953295625 0.30507071875 0.39033198125 0.30422175 0.3900939921875 0.3015015171875 0.3854814609375 0.28810575156249996 0.3033129578125 0.1398822421875 0.2840951046875 0.1464994796875 0.281127759375 0.149600075 0.2811531609375 0.1498904125 0.2866344140625 0.1658091296875
0 0.40413676875000004 0.3365174546875 0.39788535468749997 0.30801294375 0.2935164890625 0.30164535937500003 0.281970625 0.30265549062499997 0.2870067953125 0.3602191734375 0.40530491562500004 0.349869428125 0.40413676875000004 0.3365174546875
0 0.3130134140625 0.395176603125 0.2814915390625 0.4048138078125 0.277166115625 0.40908879374999996 0.27740133125 0.411777309375 0.2812278359375 0.4242932453125 0.3543424109375 0.5829653140625 0.3612926875 0.5808404015625 0.38291749375 0.5609502375 0.3748921515625 0.534700528125 0.3130134140625 0.395176603125
0 0.26061165937499997 0.608984340625 0.26629552031250003 0.6902673375 0.2910111578125 0.6885390499999999 0.394148896875 0.6705474765625 0.387983584375 0.600077628125 0.26061165937499997 0.608984340625
0 0.3118556640625 0.7021954609375001 0.2931650578125 0.7031749953124999 0.28256356718750003 0.7041025046875 0.27208991718750003 0.7099646296875 0.31721148593750004 0.9281507484375 0.32658137656249997 0.9276596937500001 0.3594618875 0.9088390484375 0.3579495875 0.8799826875000001 0.3118556640625 0.7021954609375001
0 0.26067998124999997 0.5818058234375 0.1203524484375 0.49474997187499997 0.1204277234375 0.5960996062499999 0.26459573281250004 0.6670218375 0.27006276093750003 0.6656587546875 0.2668262953125 0.6064573453125 0.26067998124999997 0.5818058234375
0 0.1016125609375 0.3575366625 0.0628966078125 0.1768567375 0.0298109640625 0.17512279375 0.027448132812499998 0.22020830937500002 0.0442587890625 0.40304314375 0.0534028421875 0.40352236250000006 0.1014544734375 0.36055318281250004 0.1016125609375 0.3575366625
0 0 0.162129803125 0.017517731249999998 0.1736216328125 0.02059310625 0.173352571875 0.02324408125 0.17298000156249999 0.025737037499999997 0.13014645625000001 0.023809971875 0.1164346734375 0 0.1031585703125 0 0.162129803125
0 0 0.08524829375000001 0.058331146874999996 0.144955425 0.0668196671875 0.1442127765625 0.0743021765625 0.1237917546875 0.073153884375 0.101881053125 0.02399409375 0.0401747734375 0.011463871875 0.040831454687500005 0 0.041834414062500005 0 0.08524829375000001
0 0 0.5209410250000001 0.003308284375 0.5524172375 0.0306340328125 0.6398777171875001 0.0374909984375 0.639277809375 0.060112075 0.6173012859375 0.059184928125 0.606703959375 0.0039726625 0.42576163125 0 0.42610919531249997 0 0.5209410250000001
0 0.2590055765625 0.3640069515625 0.26032276875 0.364122190625 0.2699577734375 0.3632792375 0.27524879687500003 0.30280255624999997 0.18534983124999999 0.154010553125 0.1788032578125 0.1534378015625 0.164658559375 0.18044772656250002 0.1631242953125 0.19798445 0.2590055765625 0.3640069515625
0 0.30784623906249997 0.0679172203125 0.299964815625 0.0308380390625 0.2905940640625 0.0164107265625 0.265588875 0.018598396875 0.22623087812499998 0.026964198437499996 0.2987344796875 0.0872820140625 0.3046513421875 0.0860243453125 0.30784623906249997 0.0679172203125