0 0.5890625 0.20078125 0.1 0.0734375
0 0.5953125 0.3375 0.0859375 0.1703125
0 0.565625 0.44375 0.1046875 0.090625
0 0.565625 0.76171875 0.128125 0.0875
0 0.5828125 0.59609375 0.0984375 0.1734375
0 0.84921875 0.44609375 0.0875 0.1625
0 0.88671875 0.68125 0.146875 0.2296875
0 0.8984375 0.9390625 0.115625 0.121875
0 0.56953125 0.9125 0.1203125 0.175
0 0.7078125 0.71015625 0.153125 0.184375
0 1 0.1679036296875 0.97887283125 0.127609990625 0.84791589375 0.2899806859375 0.8479158921875 0.294041959375 0.86623679375 0.3255508234375 0.8773008546875 0.3255508234375 1 0.19855121874999998 1 0.1679036296875
0 1 0.22941988593749998 0.9141359515625 0.2797939171875 0.9100777015625001 0.33782960625 0.9189126875 0.33891440625 1 0.29327180468749997 1 0.22941988593749998
0 1 0.41351048593749995 0.9955549171875001 0.38188207812499997 0.9921612468750001 0.3823590296875 0.90615976875 0.5017556187500001 0.9132656906250001 0.55231688125 0.9140379421875 0.5524117015625001 1 0.4643370671875 1 0.41351048593749995
0 1 0.48183832656250003 0.9547666578125 0.5141453484375 0.9525451265625 0.52817154375 0.9502941843749999 0.5584376421874999 0.9907041937500001 0.5633993671875 0.9944040546874999 0.563530915625 1 0.52819950625 1 0.48183832656250003
0 0.7814252421875 0.36125769218750003 0.763729 0.298183646875 0.752592325 0.29740489375 0.6355258890625 0.39444146562500004 0.6311528296875 0.4569791125 0.6354373859375 0.4819964703125 0.650700471875 0.483870540625 0.780528453125 0.3740823671875 0.7814252421875 0.36125769218750003
0 0.631893684375 0.15748748125 0.6291754203125 0.19636046093749998 0.6404240671875 0.2370282375 0.6461956 0.2377368921875 0.7561381593750001 0.0905261125 0.7568169078125 0.0808195671875 0.742613790625 0.054370528125 0.7421087953125001 0.0543085234375 0.72156795625 0.0528721671875 0.631893684375 0.15748748125