0 0.4484375 0.1921875 0.090625 0.05703125
0 0.425 0.32734375 0.0578125 0.16015625
0 0.44140625 0.4359375 0.090625 0.0703125
0 0.403125 0.7515625 0.1171875 0.06875
0 0.40625 0.58515625 0.06328125 0.16015625
0 0.16015625 0.40390625 0.05859375 0.15234375
0 0.09375 0.6328125 0.1015625 0.2078125
0 0.0453125 0.9171875 0.090625 0.165625
0 0.3796875 0.91015625 0.096875 0.1796875
0 0.26796875 0.68359375 0.1171875 0.15859375
0 0.06101190468749999 0.078042328125 0.030505953125000002 0.13624338593750002 0.16592261875 0.2764550265625 0.1889880953125 0.2367724875 0.06101190468749999 0.078042328125
0 0.11532738125 0.2883597875 0.11681547656249999 0.23148148124999998 0.00967261875 0.1574074078125 0.00595238125 0.215608465625 0.11532738125 0.2883597875
0 0 0.4113756609375 0.10491071406250001 0.4920634921875 0.10565476250000001 0.44312169375000005 0 0.3333333328125 0 0.3822751328125 0 0.4113756609375
0 0 0.4986772484375 0.0431547625 0.503968253125 0.046875 0.45899470937500003 0 0.4126984125 0 0.4986772484375
0 0.2604166671875 0.26984126875 0.26116071406249997 0.2738095234375 0.2366071421875 0.3425925921875 0.360119046875 0.46296296249999996 0.37946428593750003 0.3835978828125 0.2604166671875 0.26984126875
0 0.31845238125 0.03174603125 0.29241071406249997 0.0727513234375 0.3883928578125 0.220899471875 0.4114583328125 0.15608465625 0.31845238125 0.03174603125