0 0.37578125 0.2140625 0.1046875 0.0796875
0 0.38515625 0.35078125 0.10625 0.175
0 0.42734375 0.45234375 0.109375 0.0953125
0 0.4671875 0.7671875 0.1359375 0.1015625
0 0.4296875 0.60546875 0.1125 0.1765625
0 0.146875 0.4890625 0.1078125 0.16875
0 0.13828125 0.72734375 0.1578125 0.2328125
0 0.159375 0.9609375 0.128125 0.078125
0 0.48046875 0.91328125 0.1390625 0.1734375
0 0.31953125 0.734375 0.1671875 0.19375
0 0 0.2843063984375 0.1221369421875 0.36393410937500004 0.1306807578125 0.36180389687500003 0.1375475625 0.3394487484375 0.1309492984375 0.3108685265625 0 0.2077253625 0 0.2843063984375
0 0 0.36562819687500003 0.075257825 0.37823918125 0.083821234375 0.3744265046875 0.083695409375 0.37392184687499996 0.0602619140625 0.32128935625 0 0.31007772031249997 0 0.36562819687500003
0 0 0.53493531875 0.100149340625 0.5971114390625 0.10557572500000001 0.5965411015625001 0.100156640625 0.5449819640625 0 0.45981102500000004 0 0.53493531875
0 0 0.5598468671875 0.0048189546875 0.5807200531250001 0.0154053296875 0.6231796843749999 0.021422787500000002 0.6225433687499999 0.0580422515625 0.6134131109375 0.053930628125000005 0.5850674203125 0.050736092187500005 0.5712303609375 0 0.54009589375 0 0.5598468671875
0 0.3789566953125 0.48210042968750005 0.3759965234375 0.46162905781249997 0.350321778125 0.398081834375 0.20868611406249998 0.342177765625 0.19964001250000002 0.34583262812500004 0.202328284375 0.41413064374999997 0.2063279890625 0.42403025781250003 0.364097559375 0.4881039109375 0.3789566953125 0.48210042968750005
0 0.31015105468750004 0.2641414765625 0.32764243125000003 0.20081725625 0.327453890625 0.19812099218749998 0.226091159375 0.0797411953125 0.2223950171875 0.0799996546875 0.20225741875 0.1175454484375 0.2027691265625 0.12486322812499999 0.3068489734375 0.26437238125 0.31015105468750004 0.2641414765625